22
22
30
31
382
462
470
484
508
483
495
510
518
510
511
516
507
529
517
521
518
514
523
529
535
507
523
515
521
516
517
533
518
525
518
520
530
533
538
516
530
525
530
527
535
528
529
525
531
539
539
533
547
528
541
531
537
539
537
534
529
535
532
534
541
537
535
541
523
532
533
544
519
524
523
528
535
535
530
548
536
544
524
536
537
539
536
534
536
538
534
528
530
524
535
544
541
531
539
537
533
542
539
525
542
543
534
522
541
540
543
540
535
528
537
537
540
522
534
530
544
535
549
541
538
535
532
519
531
530
524
543
537
541
546
533
519
534
547
522
511
517
536
529
533
520
523
516
520
531
533
547
520
528
519
520
527
520
524
535
522
526
529
520
518
515
536
516
518
517
527
519
525
526
521
521
532
520
531
520
535
519
531
525
527
532
517
535
535
526
528
517
542
516
525
522
539
531
519
530
510
524
519
528
525
522
524
522
525
527
531
518
529
525
523
528
547
525
524
514
522
525
535
532
528
536
531
526
516
526
526
528
528
540
543
531
535
532
534
533
533
533
532
537
517
528
541
517
524
529
509
524
524
523
528
526
519
528
514
533
539
521
535
530
523
535
535
517
529
520
530
535
532
531
534
522
542
532
531
533
539
536
521
517
541
534
538
530
530
537
541
535
532
540
536
539
537
537
525
528
536
530
541
536
529
523
518
518
535
532
533
530
537
527
535
529
534
520
529
514
531
523
528
537
531
524
538
535
537
526
538
521
538
538
527
536
548
539
517
530
523
530
534
536
527
536
527
530
531
526
531
525
520
529
539
531
535
538
540
525
538
536
525
523
541
519
521
521
529
540
532
530
526
528
521
499
527
524
519
522
524
529
526
530
517
531
531
538
529
512
522
518
521
526
516
538
523
517
511
520
529
528
527
527
526
532
532
520
518
521
522
530
531
522
520
523
524
523
512
541
525
534
515
526
538
525
526
523
527
525
533
520
528
528
526
523
535
526
523
530
525
531
521
524
536
531
515
517
529
531
521
519
527
533
529
512
522
527
528
516
534
523
510
519
531
516
507
517
520
526
520
528
526
514
519
519
533
528
529
533
520
517
530
528
528
514
534
516
533
524
520
509
521
527
533
526
510
514
535
535
527
524
531
531
530
533
537
529
531
520
519
536
530
535
520
520
532
527
514
528
522
521
527
533
528
527
524
535
520
530
527
529
531
518
516
523
510
532
513
532
539
532
518
529
530
515
526
535
530
524
529
530
530
536
513
530
516
515
524
517
531
521
531
520
518
526
530
524
519
522
524
527
512
527
524
525
513
530
510
528
519
522
530
520
531
522
529
531
516
518
525
525
524
522
508
518
517
514
526
515
520
517
523
525
523
519
514
522
519
526
518
537
533
510
520
512
526
510
517
518
524
506
524
518
519
532
526
525
510
510
514
525
526
513
524
518
521
524
517
514
536
515
510
508
517
514
512
526
521
524
503
522
529
513
530
519
524
516
527
517
529
510
512
518
506
509
516
515
509
516
518
519
521
508
512
502
505
516
518
517
504
508
521
516
516
514
515
508
518
520
521
516
513
524
524
513
507
524
516
518
521
516
523
508
509
526
515
517
513
508
522
523
520
515
520
518
514
520
506
520
506
514
515
514
511
515
505
518
501
503
509
514
516
515
516
513
509
517
514
512
523
510
513
521
524
529
523
518
517
514
519
510
519
499
516
515
519
505
512
519
523
532
521
516
509
511
506
515
507
502
513
515
525
515
520
507
509
507
500
511
526
515
516
511
520
515
508
505
504
511
512
515
503
499
516
512
521
503
505
512
515
514
524
525
515
526
514
513
518
519
519
525
508
508
507
521
519
519
515
498
513
514
515
517
528
509
519
513
510
515
521
513
520
504
516
509
507
511
503
509
501
513
514
510
503
505
516
529
514
513
512
504
513
515
512
510
505
514
491
528
507
515
507
495
510
514
515
507
517
507
519
529
515
509
517
518
503
513
511
513
518
508
507
516
524
511
526
523
508
516
505
516
509
507
503
503
517
513
506
499
519
520
505
522
510
515
502
517
511
502
503
515
511
525
514
519
506
519
518
517
501
516
517
505
518
519
509
510
506
530
529
515
513
519
515
516
516
504
509
489
509
508
515
513
517
520
511
515
520
517
509
510
517
499
508
506
512
521
502
515
511
520
523
519
518
513
504
504
497
514
510
518
507
528
519
516
500
522
500
502
520
515
512
523
510
515
500
507
513
513
512
513
505
506
514
522
499
511
510
510
510
508
507
517
511
509
513
508
505
515
505
503
515
515
508
500
509
504
530
519
522
513
519
528
515
505
524
516
508
515
511
518
524
514
513
505
511
509
508
514
514
518
520
517
513
507
509
498
513
506
507
510
511
510
508
507
518
510
513
499
509
506
510
506
499
509
511
509
504
507
514
504
496
506
514
507
502
503
504
522
502
515
507
525
515
507
496
511
510
494
500
504
506
509
501
515
510
508
500
507
503
497
512
509
511
507
496
502
495
489
483
485
501
514
506
491
500
501
497
504
502
502
502
496
499
499
505
510
500
515
488
488
495
501
497
499
503
497
486
494
494
507
494
503
504
502
494
511
495
495
498
508
502
499
501
503
509
508
495
492
501
485
498
499
496
500
485
500
494
496
500
488
499
499
480
490
496
478
485
496
494
500
492
485
503
494
492
490
504
497
497
495
488
509
488
508
512
496
493
490
504
500
499
497
500
508
501
495
504
494
494
490
496
495
495
486
487
502
494
491
498
495
506
502
486
497
492
492
485
505
491
488
498
491
491
489
497
504
488
502
503
480
493
486
497
484
483
494
491
500
507
495
494
487
491
499
493
479
482
496
489
499
500
483
491
498
494
505
490
500
493
495
493
481
491
493
493
494
491
492
488
486
495
497
492
488
488
484
494
486
484
490
497
475
488
490
500
481
495
477
493
491
492
488
508
497
483
486
482
488
480
483
490
497
477
489
499
480
493
485
481
496
486
493
481
491
475
477
489
482
494
491
488
483
489
492
489
477
486
486
497
492
478
489
483
479
484
489
491
494
490
493
490
489
478
483
479
471
489
482
498
488
475
478
479
482
492
477
484
486
494
490
490
489
503
502
504
496
481
478
483
477
480
481
493
476
480
469
483
471
496
475
495
489
482
493
491
482
478
481
488
480
476
489
501
494
484
489
479
482
477
484
489
497
492
484
499
487
485
492
476
498
492
490
474
490
490
492
497
475
482
472
487
492
478
490
491
495
485
485
488
477
479
474
485
485
486
489
478
489
492
487
477
489
474
481
484
491
487
485
490
481
484
486
495
486
498
507
492
484
489
476
490
479
477
480
492
494
480
478
481
483
477
490
487
491
491
489
481
485
491
497
491
482
491
476
481
487
497
499
497
499
487
495
485
490
482
482
497
490
499
486
483
483
492
493
486
470
491
486
480
478
486
484
489
490
485
492
482
494
490
491
489
489
494
486
492
499
498
492
489
490
494
500
488
490
495
488
499
487
488
486
490
494
493
493
485
480
486
487
485
488
499
491
508
491
496
492
503
499
492
498
490
496
499
499
496
505
500
494
504
492
506
501
494
490
487
486
493
480
506
491
503
494
489
491
490
490
501
491
482
486
488
504
508
502
495
491
496
499
500
490
504
497
519
484
500
492
498
503
491
490
502
502
502
499
488
494
494
500
497
509
503
490
507
505
504
501
502
499
500
500
486
504
500
506
518
500
491
497
496
512
495
501
511
504
500
498
494
497
492
481
493
495
498
501
503
507
502
499
509
489
500
504
506
501
493
483
502
506
493
503
486
494
503
508
497
507
501
482
490
492
506
490
500
503
487
501
503
492
499
500
501
502
507
495
495
496
497
507
504
491
489
502
513
520
513
504
493
509
503
511
512
511
512
508
504
498
512
506
502
504
503
497
504
516
510
509
507
494
511
503
498
510
509
500
510
501
491
498
518
508
505
500
514
520
512
514
516
504
507
517
511
527
503
503
507
517
515
506
513
509
502
503
512
519
497
511
507
504
505
507
516
518
501
515
514
512
508
507
501
510
501
514
500
520
506
509
509
510
516
494
518
510
523
507
519
504
506
499
513
506
510
511
514
506
513
502
511
515
509
514
523
519
498
519
521
523
507
521
519
515
512
517
510
516
524
515
525
525
514
513
501
510
497
507
502
512
516
512
518
517
525
521
517
523
517
508
520
516
514
511
520
518
508
503
523
510
526
526
525
527
525
521
501
511
515
517
534
512
530
524
513
527
513
518
519
526
519
527
505
515
517
524
515
530
530
524
526
532
532
534
524
530
527
544
536
532
535
542
545
533
533
535
539
532
530
536
528
531
538
537
539
529
523
545
527
530
544
529
521
535
539
538
538
542
537
541
531
529
546
530
544
537
545
534
540
543
531
536
541
536
546
547
543
542
530
535
548
542
538
546
543
535
540
539
538
537
521
536
536
536
548
554
547
558
555
555
548
539
550
558
542
551
562
549
551
548
553
545
541
549
548
549
546
552
540
553
551
550
545
543
540
553
548
539
540
556
542
561
543
545
538
530
536
547
537
548
535
550
537
562
543
542
547
549
540
539
529
538
551
546
540
538
544
550
552
556
540
542
542
555
540
528
549
544
534
539
538
527
516
529
528
518
521
530
515
498
507
510
499
507
497
511
165
72
50
37

Frame0 Ends
